{
 "cells": [
  {
   "cell_type": "markdown",
   "id": "adult-source",
   "metadata": {},
   "source": [
    "# GLasso"
   ]
  },
  {
   "cell_type": "code",
   "execution_count": 1,
   "id": "different-aruba",
   "metadata": {
    "scrolled": true
   },
   "outputs": [
    {
     "data": {
      "text/html": [
       "<table class=\"dataframe\">\n",
       "<caption>A matrix: 10 × 10 of type dbl</caption>\n",
       "<tbody>\n",
       "\t<tr><td> 1.27498518</td><td>-0.360013241</td><td>-0.13899649</td><td>-0.04053069</td><td>-0.108175498</td><td>-0.22897547</td><td> 0.43052975</td><td> 0.01709085</td><td>-0.39463630</td><td> 0.02215637</td></tr>\n",
       "\t<tr><td>-0.36001324</td><td> 3.134190094</td><td> 1.01737618</td><td>-0.77021533</td><td>-0.009104576</td><td> 0.37902948</td><td>-0.44378911</td><td> 0.56362750</td><td> 0.11966498</td><td>-0.46572278</td></tr>\n",
       "\t<tr><td>-0.13899649</td><td> 1.017376182</td><td> 1.38116548</td><td>-0.96414716</td><td>-0.030133155</td><td> 0.05454111</td><td>-0.25264663</td><td>-0.01056241</td><td> 0.05395003</td><td>-0.35386972</td></tr>\n",
       "\t<tr><td>-0.04053069</td><td>-0.770215326</td><td>-0.96414716</td><td> 3.52498851</td><td> 0.656934400</td><td>-0.39441460</td><td> 0.11595627</td><td>-0.58714774</td><td> 0.03967201</td><td>-0.27566292</td></tr>\n",
       "\t<tr><td>-0.10817550</td><td>-0.009104576</td><td>-0.03013316</td><td> 0.65693440</td><td> 1.878431591</td><td> 0.14829337</td><td>-0.20895989</td><td>-0.30118765</td><td> 0.03356446</td><td>-0.09224890</td></tr>\n",
       "\t<tr><td>-0.22897547</td><td> 0.379029484</td><td> 0.05454111</td><td>-0.39441460</td><td> 0.148293373</td><td> 1.30772526</td><td>-0.04191247</td><td> 0.11365076</td><td>-0.06444851</td><td>-0.14225305</td></tr>\n",
       "\t<tr><td> 0.43052975</td><td>-0.443789113</td><td>-0.25264663</td><td> 0.11595627</td><td>-0.208959889</td><td>-0.04191247</td><td> 1.32480422</td><td>-0.07923855</td><td>-0.22972662</td><td>-0.20156463</td></tr>\n",
       "\t<tr><td> 0.01709085</td><td> 0.563627505</td><td>-0.01056241</td><td>-0.58714774</td><td>-0.301187650</td><td> 0.11365076</td><td>-0.07923855</td><td> 1.38270476</td><td>-0.05168962</td><td> 0.31653789</td></tr>\n",
       "\t<tr><td>-0.39463630</td><td> 0.119664977</td><td> 0.05395003</td><td> 0.03967201</td><td> 0.033564464</td><td>-0.06444851</td><td>-0.22972662</td><td>-0.05168962</td><td> 0.93065700</td><td>-0.04880206</td></tr>\n",
       "\t<tr><td> 0.02215637</td><td>-0.465722778</td><td>-0.35386972</td><td>-0.27566292</td><td>-0.092248902</td><td>-0.14225305</td><td>-0.20156463</td><td> 0.31653789</td><td>-0.04880206</td><td> 1.77034700</td></tr>\n",
       "</tbody>\n",
       "</table>\n"
      ],
      "text/latex": [
       "A matrix: 10 × 10 of type dbl\n",
       "\\begin{tabular}{llllllllll}\n",
       "\t  1.27498518 & -0.360013241 & -0.13899649 & -0.04053069 & -0.108175498 & -0.22897547 &  0.43052975 &  0.01709085 & -0.39463630 &  0.02215637\\\\\n",
       "\t -0.36001324 &  3.134190094 &  1.01737618 & -0.77021533 & -0.009104576 &  0.37902948 & -0.44378911 &  0.56362750 &  0.11966498 & -0.46572278\\\\\n",
       "\t -0.13899649 &  1.017376182 &  1.38116548 & -0.96414716 & -0.030133155 &  0.05454111 & -0.25264663 & -0.01056241 &  0.05395003 & -0.35386972\\\\\n",
       "\t -0.04053069 & -0.770215326 & -0.96414716 &  3.52498851 &  0.656934400 & -0.39441460 &  0.11595627 & -0.58714774 &  0.03967201 & -0.27566292\\\\\n",
       "\t -0.10817550 & -0.009104576 & -0.03013316 &  0.65693440 &  1.878431591 &  0.14829337 & -0.20895989 & -0.30118765 &  0.03356446 & -0.09224890\\\\\n",
       "\t -0.22897547 &  0.379029484 &  0.05454111 & -0.39441460 &  0.148293373 &  1.30772526 & -0.04191247 &  0.11365076 & -0.06444851 & -0.14225305\\\\\n",
       "\t  0.43052975 & -0.443789113 & -0.25264663 &  0.11595627 & -0.208959889 & -0.04191247 &  1.32480422 & -0.07923855 & -0.22972662 & -0.20156463\\\\\n",
       "\t  0.01709085 &  0.563627505 & -0.01056241 & -0.58714774 & -0.301187650 &  0.11365076 & -0.07923855 &  1.38270476 & -0.05168962 &  0.31653789\\\\\n",
       "\t -0.39463630 &  0.119664977 &  0.05395003 &  0.03967201 &  0.033564464 & -0.06444851 & -0.22972662 & -0.05168962 &  0.93065700 & -0.04880206\\\\\n",
       "\t  0.02215637 & -0.465722778 & -0.35386972 & -0.27566292 & -0.092248902 & -0.14225305 & -0.20156463 &  0.31653789 & -0.04880206 &  1.77034700\\\\\n",
       "\\end{tabular}\n"
      ],
      "text/markdown": [
       "\n",
       "A matrix: 10 × 10 of type dbl\n",
       "\n",
       "|  1.27498518 | -0.360013241 | -0.13899649 | -0.04053069 | -0.108175498 | -0.22897547 |  0.43052975 |  0.01709085 | -0.39463630 |  0.02215637 |\n",
       "| -0.36001324 |  3.134190094 |  1.01737618 | -0.77021533 | -0.009104576 |  0.37902948 | -0.44378911 |  0.56362750 |  0.11966498 | -0.46572278 |\n",
       "| -0.13899649 |  1.017376182 |  1.38116548 | -0.96414716 | -0.030133155 |  0.05454111 | -0.25264663 | -0.01056241 |  0.05395003 | -0.35386972 |\n",
       "| -0.04053069 | -0.770215326 | -0.96414716 |  3.52498851 |  0.656934400 | -0.39441460 |  0.11595627 | -0.58714774 |  0.03967201 | -0.27566292 |\n",
       "| -0.10817550 | -0.009104576 | -0.03013316 |  0.65693440 |  1.878431591 |  0.14829337 | -0.20895989 | -0.30118765 |  0.03356446 | -0.09224890 |\n",
       "| -0.22897547 |  0.379029484 |  0.05454111 | -0.39441460 |  0.148293373 |  1.30772526 | -0.04191247 |  0.11365076 | -0.06444851 | -0.14225305 |\n",
       "|  0.43052975 | -0.443789113 | -0.25264663 |  0.11595627 | -0.208959889 | -0.04191247 |  1.32480422 | -0.07923855 | -0.22972662 | -0.20156463 |\n",
       "|  0.01709085 |  0.563627505 | -0.01056241 | -0.58714774 | -0.301187650 |  0.11365076 | -0.07923855 |  1.38270476 | -0.05168962 |  0.31653789 |\n",
       "| -0.39463630 |  0.119664977 |  0.05395003 |  0.03967201 |  0.033564464 | -0.06444851 | -0.22972662 | -0.05168962 |  0.93065700 | -0.04880206 |\n",
       "|  0.02215637 | -0.465722778 | -0.35386972 | -0.27566292 | -0.092248902 | -0.14225305 | -0.20156463 |  0.31653789 | -0.04880206 |  1.77034700 |\n",
       "\n"
      ],
      "text/plain": [
       "      [,1]        [,2]         [,3]        [,4]        [,5]         [,6]       \n",
       " [1,]  1.27498518 -0.360013241 -0.13899649 -0.04053069 -0.108175498 -0.22897547\n",
       " [2,] -0.36001324  3.134190094  1.01737618 -0.77021533 -0.009104576  0.37902948\n",
       " [3,] -0.13899649  1.017376182  1.38116548 -0.96414716 -0.030133155  0.05454111\n",
       " [4,] -0.04053069 -0.770215326 -0.96414716  3.52498851  0.656934400 -0.39441460\n",
       " [5,] -0.10817550 -0.009104576 -0.03013316  0.65693440  1.878431591  0.14829337\n",
       " [6,] -0.22897547  0.379029484  0.05454111 -0.39441460  0.148293373  1.30772526\n",
       " [7,]  0.43052975 -0.443789113 -0.25264663  0.11595627 -0.208959889 -0.04191247\n",
       " [8,]  0.01709085  0.563627505 -0.01056241 -0.58714774 -0.301187650  0.11365076\n",
       " [9,] -0.39463630  0.119664977  0.05395003  0.03967201  0.033564464 -0.06444851\n",
       "[10,]  0.02215637 -0.465722778 -0.35386972 -0.27566292 -0.092248902 -0.14225305\n",
       "      [,7]        [,8]        [,9]        [,10]      \n",
       " [1,]  0.43052975  0.01709085 -0.39463630  0.02215637\n",
       " [2,] -0.44378911  0.56362750  0.11966498 -0.46572278\n",
       " [3,] -0.25264663 -0.01056241  0.05395003 -0.35386972\n",
       " [4,]  0.11595627 -0.58714774  0.03967201 -0.27566292\n",
       " [5,] -0.20895989 -0.30118765  0.03356446 -0.09224890\n",
       " [6,] -0.04191247  0.11365076 -0.06444851 -0.14225305\n",
       " [7,]  1.32480422 -0.07923855 -0.22972662 -0.20156463\n",
       " [8,] -0.07923855  1.38270476 -0.05168962  0.31653789\n",
       " [9,] -0.22972662 -0.05168962  0.93065700 -0.04880206\n",
       "[10,] -0.20156463  0.31653789 -0.04880206  1.77034700"
      ]
     },
     "metadata": {},
     "output_type": "display_data"
    }
   ],
   "source": [
    "# Settings\n",
    "n = 20\n",
    "p = 10\n",
    "set.seed(0)\n",
    "X_aux = matrix( rnorm(n*p), ncol=p ) # Auxillary data for generating truth of covariance\n",
    "Sigma_true = cov(X_aux)\n",
    "# Sigma_true\n",
    "Theta_true = solve(Sigma_true)\n",
    "Theta_true\n",
    "X = MASS::mvrnorm(n=n, mu=rep(0,p), Sigma=Sigma_true)"
   ]
  },
  {
   "cell_type": "code",
   "execution_count": 2,
   "id": "chemical-debate",
   "metadata": {},
   "outputs": [],
   "source": [
    "rho = 0.1\n",
    "t = 0.001 # a fixed threshold\n",
    "S = cov(X)*(n-1)/n # empirical"
   ]
  },
  {
   "cell_type": "code",
   "execution_count": 3,
   "id": "hindu-amplifier",
   "metadata": {
    "scrolled": true
   },
   "outputs": [
    {
     "name": "stdout",
     "output_type": "stream",
     "text": [
      "iter:  1 0.06972078 \n",
      "iter:  2 0.0007105458 \n",
      "iter:  3 4.454189e-05 \n"
     ]
    }
   ],
   "source": [
    "ave_S = mean(S[lower.tri(S)])\n",
    "threshold = t * ave_S\n",
    "max_iter = 100\n",
    "\n",
    "# Step 1: diagonal of W remains unchanged\n",
    "W = S + rho*diag(p)\n",
    "# print(W)\n",
    "# B = matrix(0, (p-1), p) # store all betas\n",
    "\n",
    "# Step 2:\n",
    "iter = 0\n",
    "while(iter < max_iter){\n",
    "  W_old = W\n",
    "  for(i in 1:p){ # iterate column in covariance\n",
    "#     W11 = S[-i, -i] # use approximation as column-wise lasso for test\n",
    "    W11 = W[-i, -i]\n",
    "    \n",
    "    s12 = S[-i,i]\n",
    "\n",
    "    w12 = W[-i, i]\n",
    "    beta = solve(W11) %*% w12\n",
    "#     beta = B[, i]\n",
    "    \n",
    "    # coordinate decent\n",
    "    max_iter_lasso = 20\n",
    "    iter_lasso = 0\n",
    "    while(iter_lasso < max_iter_lasso){\n",
    "      beta_old = beta\n",
    "      for(j in 1:(p-1)){ # iterate entries in beta\n",
    "        uj = s12[j]\n",
    "        for(k in 1:(p-1)){\n",
    "          if(k==j) next\n",
    "          uj = uj - W11[k,j] * beta[k]\n",
    "\n",
    "        }\n",
    "#         cat(j, uj, '  ')\n",
    "        if(abs(uj) > rho){\n",
    "          beta[j] = (abs(uj) - rho) / W11[j,j]\n",
    "          if(uj < 0) beta[j] = -beta[j]\n",
    "        } \n",
    "        else{\n",
    "          beta[j] = 0\n",
    "        }\n",
    "      }\n",
    "#       cat('\\n')\n",
    "      iter_lasso = iter_lasso + 1\n",
    "      \n",
    "      change_lasso = max( abs(beta - beta_old) )\n",
    "      if(change_lasso<t) break\n",
    "    }\n",
    "#     cat('iter_lasso: ', iter_lasso, '\\n')\n",
    "    \n",
    "    w12 = W11 %*% beta\n",
    "#     cat(i, 'beta: ', beta, '\\n', '  w12:', w12,'\\n')\n",
    "    W[-i, i] = W[i, -i] = w12\n",
    "#     B[, i] = beta\n",
    "#     print(W)\n",
    "  }\n",
    "  \n",
    "  iter = iter + 1\n",
    "  change = mean( abs(W-W_old) )\n",
    "  if(change < threshold) break\n",
    "  else{\n",
    "    cat('iter: ', iter, change, '\\n')\n",
    "  }\n",
    "}"
   ]
  },
  {
   "cell_type": "code",
   "execution_count": 4,
   "id": "piano-allah",
   "metadata": {},
   "outputs": [
    {
     "data": {
      "text/html": [
       "<table class=\"dataframe\">\n",
       "<caption>A matrix: 10 × 10 of type dbl</caption>\n",
       "<tbody>\n",
       "\t<tr><td> 1.566140e+00</td><td>-1.377575e-01</td><td>-7.057102e-07</td><td>-7.156436e-02</td><td> 1.637889e-06</td><td> 7.086835e-06</td><td> 2.216490e-01</td><td>-4.407174e-02</td><td>-6.374834e-02</td><td>-8.015627e-02</td></tr>\n",
       "\t<tr><td>-1.377575e-01</td><td> 2.438288e+00</td><td> 7.805919e-01</td><td> 5.165979e-02</td><td>-9.711464e-07</td><td> 4.852928e-06</td><td> 1.283981e-01</td><td> 1.227863e-01</td><td>-3.185270e-01</td><td> 9.783597e-18</td></tr>\n",
       "\t<tr><td>-7.057102e-07</td><td> 7.805919e-01</td><td> 1.007675e+00</td><td>-4.021857e-01</td><td> 8.419648e-02</td><td>-5.867047e-07</td><td>-1.276214e-08</td><td>-3.098059e-01</td><td>-9.051479e-02</td><td>-2.336369e-17</td></tr>\n",
       "\t<tr><td>-7.156436e-02</td><td> 5.165979e-02</td><td>-4.021857e-01</td><td> 2.754411e+00</td><td>-2.847759e-06</td><td>-3.335122e-06</td><td>-7.359494e-02</td><td>-9.551050e-02</td><td> 1.435540e-07</td><td>-3.398458e-01</td></tr>\n",
       "\t<tr><td> 1.637889e-06</td><td>-9.711464e-07</td><td> 8.419648e-02</td><td>-2.847759e-06</td><td> 3.051068e+00</td><td> 2.392397e-01</td><td>-1.998664e-01</td><td> 1.112799e-06</td><td> 1.697517e-07</td><td>-2.016825e-17</td></tr>\n",
       "\t<tr><td> 7.086835e-06</td><td> 4.852928e-06</td><td>-5.867047e-07</td><td>-3.335122e-06</td><td> 2.392397e-01</td><td> 1.782954e+00</td><td> 2.039395e-01</td><td> 7.199483e-01</td><td> 2.255606e-01</td><td>-2.201574e-01</td></tr>\n",
       "\t<tr><td> 2.216490e-01</td><td> 1.283981e-01</td><td>-1.276214e-08</td><td>-7.359494e-02</td><td>-1.998664e-01</td><td> 2.039395e-01</td><td> 7.488347e-01</td><td>-2.595919e-01</td><td>-4.329613e-02</td><td>-3.340141e-01</td></tr>\n",
       "\t<tr><td>-4.407174e-02</td><td> 1.227863e-01</td><td>-3.098059e-01</td><td>-9.551050e-02</td><td> 1.112799e-06</td><td> 7.199483e-01</td><td>-2.595919e-01</td><td> 1.712759e+00</td><td>-5.858777e-08</td><td> 1.650320e-01</td></tr>\n",
       "\t<tr><td>-6.374834e-02</td><td>-3.185270e-01</td><td>-9.051479e-02</td><td> 1.435540e-07</td><td> 1.697517e-07</td><td> 2.255606e-01</td><td>-4.329613e-02</td><td>-5.858777e-08</td><td> 8.058712e-01</td><td> 2.517409e-02</td></tr>\n",
       "\t<tr><td>-8.015627e-02</td><td> 2.195599e-17</td><td> 2.058374e-18</td><td>-3.398458e-01</td><td>-1.513931e-17</td><td>-2.201574e-01</td><td>-3.340141e-01</td><td> 1.650320e-01</td><td> 2.517409e-02</td><td> 1.582096e+00</td></tr>\n",
       "</tbody>\n",
       "</table>\n"
      ],
      "text/latex": [
       "A matrix: 10 × 10 of type dbl\n",
       "\\begin{tabular}{llllllllll}\n",
       "\t  1.566140e+00 & -1.377575e-01 & -7.057102e-07 & -7.156436e-02 &  1.637889e-06 &  7.086835e-06 &  2.216490e-01 & -4.407174e-02 & -6.374834e-02 & -8.015627e-02\\\\\n",
       "\t -1.377575e-01 &  2.438288e+00 &  7.805919e-01 &  5.165979e-02 & -9.711464e-07 &  4.852928e-06 &  1.283981e-01 &  1.227863e-01 & -3.185270e-01 &  9.783597e-18\\\\\n",
       "\t -7.057102e-07 &  7.805919e-01 &  1.007675e+00 & -4.021857e-01 &  8.419648e-02 & -5.867047e-07 & -1.276214e-08 & -3.098059e-01 & -9.051479e-02 & -2.336369e-17\\\\\n",
       "\t -7.156436e-02 &  5.165979e-02 & -4.021857e-01 &  2.754411e+00 & -2.847759e-06 & -3.335122e-06 & -7.359494e-02 & -9.551050e-02 &  1.435540e-07 & -3.398458e-01\\\\\n",
       "\t  1.637889e-06 & -9.711464e-07 &  8.419648e-02 & -2.847759e-06 &  3.051068e+00 &  2.392397e-01 & -1.998664e-01 &  1.112799e-06 &  1.697517e-07 & -2.016825e-17\\\\\n",
       "\t  7.086835e-06 &  4.852928e-06 & -5.867047e-07 & -3.335122e-06 &  2.392397e-01 &  1.782954e+00 &  2.039395e-01 &  7.199483e-01 &  2.255606e-01 & -2.201574e-01\\\\\n",
       "\t  2.216490e-01 &  1.283981e-01 & -1.276214e-08 & -7.359494e-02 & -1.998664e-01 &  2.039395e-01 &  7.488347e-01 & -2.595919e-01 & -4.329613e-02 & -3.340141e-01\\\\\n",
       "\t -4.407174e-02 &  1.227863e-01 & -3.098059e-01 & -9.551050e-02 &  1.112799e-06 &  7.199483e-01 & -2.595919e-01 &  1.712759e+00 & -5.858777e-08 &  1.650320e-01\\\\\n",
       "\t -6.374834e-02 & -3.185270e-01 & -9.051479e-02 &  1.435540e-07 &  1.697517e-07 &  2.255606e-01 & -4.329613e-02 & -5.858777e-08 &  8.058712e-01 &  2.517409e-02\\\\\n",
       "\t -8.015627e-02 &  2.195599e-17 &  2.058374e-18 & -3.398458e-01 & -1.513931e-17 & -2.201574e-01 & -3.340141e-01 &  1.650320e-01 &  2.517409e-02 &  1.582096e+00\\\\\n",
       "\\end{tabular}\n"
      ],
      "text/markdown": [
       "\n",
       "A matrix: 10 × 10 of type dbl\n",
       "\n",
       "|  1.566140e+00 | -1.377575e-01 | -7.057102e-07 | -7.156436e-02 |  1.637889e-06 |  7.086835e-06 |  2.216490e-01 | -4.407174e-02 | -6.374834e-02 | -8.015627e-02 |\n",
       "| -1.377575e-01 |  2.438288e+00 |  7.805919e-01 |  5.165979e-02 | -9.711464e-07 |  4.852928e-06 |  1.283981e-01 |  1.227863e-01 | -3.185270e-01 |  9.783597e-18 |\n",
       "| -7.057102e-07 |  7.805919e-01 |  1.007675e+00 | -4.021857e-01 |  8.419648e-02 | -5.867047e-07 | -1.276214e-08 | -3.098059e-01 | -9.051479e-02 | -2.336369e-17 |\n",
       "| -7.156436e-02 |  5.165979e-02 | -4.021857e-01 |  2.754411e+00 | -2.847759e-06 | -3.335122e-06 | -7.359494e-02 | -9.551050e-02 |  1.435540e-07 | -3.398458e-01 |\n",
       "|  1.637889e-06 | -9.711464e-07 |  8.419648e-02 | -2.847759e-06 |  3.051068e+00 |  2.392397e-01 | -1.998664e-01 |  1.112799e-06 |  1.697517e-07 | -2.016825e-17 |\n",
       "|  7.086835e-06 |  4.852928e-06 | -5.867047e-07 | -3.335122e-06 |  2.392397e-01 |  1.782954e+00 |  2.039395e-01 |  7.199483e-01 |  2.255606e-01 | -2.201574e-01 |\n",
       "|  2.216490e-01 |  1.283981e-01 | -1.276214e-08 | -7.359494e-02 | -1.998664e-01 |  2.039395e-01 |  7.488347e-01 | -2.595919e-01 | -4.329613e-02 | -3.340141e-01 |\n",
       "| -4.407174e-02 |  1.227863e-01 | -3.098059e-01 | -9.551050e-02 |  1.112799e-06 |  7.199483e-01 | -2.595919e-01 |  1.712759e+00 | -5.858777e-08 |  1.650320e-01 |\n",
       "| -6.374834e-02 | -3.185270e-01 | -9.051479e-02 |  1.435540e-07 |  1.697517e-07 |  2.255606e-01 | -4.329613e-02 | -5.858777e-08 |  8.058712e-01 |  2.517409e-02 |\n",
       "| -8.015627e-02 |  2.195599e-17 |  2.058374e-18 | -3.398458e-01 | -1.513931e-17 | -2.201574e-01 | -3.340141e-01 |  1.650320e-01 |  2.517409e-02 |  1.582096e+00 |\n",
       "\n"
      ],
      "text/plain": [
       "      [,1]          [,2]          [,3]          [,4]          [,5]         \n",
       " [1,]  1.566140e+00 -1.377575e-01 -7.057102e-07 -7.156436e-02  1.637889e-06\n",
       " [2,] -1.377575e-01  2.438288e+00  7.805919e-01  5.165979e-02 -9.711464e-07\n",
       " [3,] -7.057102e-07  7.805919e-01  1.007675e+00 -4.021857e-01  8.419648e-02\n",
       " [4,] -7.156436e-02  5.165979e-02 -4.021857e-01  2.754411e+00 -2.847759e-06\n",
       " [5,]  1.637889e-06 -9.711464e-07  8.419648e-02 -2.847759e-06  3.051068e+00\n",
       " [6,]  7.086835e-06  4.852928e-06 -5.867047e-07 -3.335122e-06  2.392397e-01\n",
       " [7,]  2.216490e-01  1.283981e-01 -1.276214e-08 -7.359494e-02 -1.998664e-01\n",
       " [8,] -4.407174e-02  1.227863e-01 -3.098059e-01 -9.551050e-02  1.112799e-06\n",
       " [9,] -6.374834e-02 -3.185270e-01 -9.051479e-02  1.435540e-07  1.697517e-07\n",
       "[10,] -8.015627e-02  2.195599e-17  2.058374e-18 -3.398458e-01 -1.513931e-17\n",
       "      [,6]          [,7]          [,8]          [,9]          [,10]        \n",
       " [1,]  7.086835e-06  2.216490e-01 -4.407174e-02 -6.374834e-02 -8.015627e-02\n",
       " [2,]  4.852928e-06  1.283981e-01  1.227863e-01 -3.185270e-01  9.783597e-18\n",
       " [3,] -5.867047e-07 -1.276214e-08 -3.098059e-01 -9.051479e-02 -2.336369e-17\n",
       " [4,] -3.335122e-06 -7.359494e-02 -9.551050e-02  1.435540e-07 -3.398458e-01\n",
       " [5,]  2.392397e-01 -1.998664e-01  1.112799e-06  1.697517e-07 -2.016825e-17\n",
       " [6,]  1.782954e+00  2.039395e-01  7.199483e-01  2.255606e-01 -2.201574e-01\n",
       " [7,]  2.039395e-01  7.488347e-01 -2.595919e-01 -4.329613e-02 -3.340141e-01\n",
       " [8,]  7.199483e-01 -2.595919e-01  1.712759e+00 -5.858777e-08  1.650320e-01\n",
       " [9,]  2.255606e-01 -4.329613e-02 -5.858777e-08  8.058712e-01  2.517409e-02\n",
       "[10,] -2.201574e-01 -3.340141e-01  1.650320e-01  2.517409e-02  1.582096e+00"
      ]
     },
     "metadata": {},
     "output_type": "display_data"
    }
   ],
   "source": [
    "solve(W)"
   ]
  },
  {
   "cell_type": "markdown",
   "id": "stainless-discretion",
   "metadata": {},
   "source": [
    "### Compare the outcome of original implementaion of glasso package (by Fortran)"
   ]
  },
  {
   "cell_type": "code",
   "execution_count": 5,
   "id": "restricted-campaign",
   "metadata": {},
   "outputs": [
    {
     "data": {
      "text/html": [
       "<table class=\"dataframe\">\n",
       "<caption>A matrix: 10 × 10 of type dbl</caption>\n",
       "<tbody>\n",
       "\t<tr><td> 1.56613964</td><td>-0.13775873</td><td> 0.00000000</td><td>-0.07157370</td><td> 0.00000000</td><td> 0.0000000</td><td> 0.22164804</td><td>-0.04407385</td><td>-0.06374970</td><td>-0.08015462</td></tr>\n",
       "\t<tr><td>-0.13775247</td><td> 2.43828099</td><td> 0.78058897</td><td> 0.05165581</td><td> 0.00000000</td><td> 0.0000000</td><td> 0.12839691</td><td> 0.12278872</td><td>-0.31852440</td><td> 0.00000000</td></tr>\n",
       "\t<tr><td> 0.00000000</td><td> 0.78059204</td><td> 1.00767375</td><td>-0.40218915</td><td> 0.08420825</td><td> 0.0000000</td><td> 0.00000000</td><td>-0.30980689</td><td>-0.09051454</td><td> 0.00000000</td></tr>\n",
       "\t<tr><td>-0.07156959</td><td> 0.05165946</td><td>-0.40218376</td><td> 2.75441401</td><td> 0.00000000</td><td> 0.0000000</td><td>-0.07359313</td><td>-0.09550780</td><td> 0.00000000</td><td>-0.33984556</td></tr>\n",
       "\t<tr><td> 0.00000000</td><td> 0.00000000</td><td> 0.08420362</td><td> 0.00000000</td><td> 3.05106056</td><td> 0.2392139</td><td>-0.19987311</td><td> 0.00000000</td><td> 0.00000000</td><td> 0.00000000</td></tr>\n",
       "\t<tr><td> 0.00000000</td><td> 0.00000000</td><td> 0.00000000</td><td> 0.00000000</td><td> 0.23921260</td><td> 1.7829465</td><td> 0.20394242</td><td> 0.71994355</td><td> 0.22555987</td><td>-0.22015770</td></tr>\n",
       "\t<tr><td> 0.22164914</td><td> 0.12839644</td><td> 0.00000000</td><td>-0.07359884</td><td>-0.19987365</td><td> 0.2039388</td><td> 0.74883632</td><td>-0.25959247</td><td>-0.04329611</td><td>-0.33401443</td></tr>\n",
       "\t<tr><td>-0.04407521</td><td> 0.12277482</td><td>-0.30980495</td><td>-0.09550612</td><td> 0.00000000</td><td> 0.7199433</td><td>-0.25959402</td><td> 1.71275680</td><td> 0.00000000</td><td> 0.16503252</td></tr>\n",
       "\t<tr><td>-0.06375076</td><td>-0.31852412</td><td>-0.09051333</td><td> 0.00000000</td><td> 0.00000000</td><td> 0.2255607</td><td>-0.04330004</td><td> 0.00000000</td><td> 0.80587060</td><td> 0.02517474</td></tr>\n",
       "\t<tr><td>-0.08015529</td><td> 0.00000000</td><td> 0.00000000</td><td>-0.33984512</td><td> 0.00000000</td><td>-0.2201574</td><td>-0.33401508</td><td> 0.16503224</td><td> 0.02517434</td><td> 1.58209656</td></tr>\n",
       "</tbody>\n",
       "</table>\n"
      ],
      "text/latex": [
       "A matrix: 10 × 10 of type dbl\n",
       "\\begin{tabular}{llllllllll}\n",
       "\t  1.56613964 & -0.13775873 &  0.00000000 & -0.07157370 &  0.00000000 &  0.0000000 &  0.22164804 & -0.04407385 & -0.06374970 & -0.08015462\\\\\n",
       "\t -0.13775247 &  2.43828099 &  0.78058897 &  0.05165581 &  0.00000000 &  0.0000000 &  0.12839691 &  0.12278872 & -0.31852440 &  0.00000000\\\\\n",
       "\t  0.00000000 &  0.78059204 &  1.00767375 & -0.40218915 &  0.08420825 &  0.0000000 &  0.00000000 & -0.30980689 & -0.09051454 &  0.00000000\\\\\n",
       "\t -0.07156959 &  0.05165946 & -0.40218376 &  2.75441401 &  0.00000000 &  0.0000000 & -0.07359313 & -0.09550780 &  0.00000000 & -0.33984556\\\\\n",
       "\t  0.00000000 &  0.00000000 &  0.08420362 &  0.00000000 &  3.05106056 &  0.2392139 & -0.19987311 &  0.00000000 &  0.00000000 &  0.00000000\\\\\n",
       "\t  0.00000000 &  0.00000000 &  0.00000000 &  0.00000000 &  0.23921260 &  1.7829465 &  0.20394242 &  0.71994355 &  0.22555987 & -0.22015770\\\\\n",
       "\t  0.22164914 &  0.12839644 &  0.00000000 & -0.07359884 & -0.19987365 &  0.2039388 &  0.74883632 & -0.25959247 & -0.04329611 & -0.33401443\\\\\n",
       "\t -0.04407521 &  0.12277482 & -0.30980495 & -0.09550612 &  0.00000000 &  0.7199433 & -0.25959402 &  1.71275680 &  0.00000000 &  0.16503252\\\\\n",
       "\t -0.06375076 & -0.31852412 & -0.09051333 &  0.00000000 &  0.00000000 &  0.2255607 & -0.04330004 &  0.00000000 &  0.80587060 &  0.02517474\\\\\n",
       "\t -0.08015529 &  0.00000000 &  0.00000000 & -0.33984512 &  0.00000000 & -0.2201574 & -0.33401508 &  0.16503224 &  0.02517434 &  1.58209656\\\\\n",
       "\\end{tabular}\n"
      ],
      "text/markdown": [
       "\n",
       "A matrix: 10 × 10 of type dbl\n",
       "\n",
       "|  1.56613964 | -0.13775873 |  0.00000000 | -0.07157370 |  0.00000000 |  0.0000000 |  0.22164804 | -0.04407385 | -0.06374970 | -0.08015462 |\n",
       "| -0.13775247 |  2.43828099 |  0.78058897 |  0.05165581 |  0.00000000 |  0.0000000 |  0.12839691 |  0.12278872 | -0.31852440 |  0.00000000 |\n",
       "|  0.00000000 |  0.78059204 |  1.00767375 | -0.40218915 |  0.08420825 |  0.0000000 |  0.00000000 | -0.30980689 | -0.09051454 |  0.00000000 |\n",
       "| -0.07156959 |  0.05165946 | -0.40218376 |  2.75441401 |  0.00000000 |  0.0000000 | -0.07359313 | -0.09550780 |  0.00000000 | -0.33984556 |\n",
       "|  0.00000000 |  0.00000000 |  0.08420362 |  0.00000000 |  3.05106056 |  0.2392139 | -0.19987311 |  0.00000000 |  0.00000000 |  0.00000000 |\n",
       "|  0.00000000 |  0.00000000 |  0.00000000 |  0.00000000 |  0.23921260 |  1.7829465 |  0.20394242 |  0.71994355 |  0.22555987 | -0.22015770 |\n",
       "|  0.22164914 |  0.12839644 |  0.00000000 | -0.07359884 | -0.19987365 |  0.2039388 |  0.74883632 | -0.25959247 | -0.04329611 | -0.33401443 |\n",
       "| -0.04407521 |  0.12277482 | -0.30980495 | -0.09550612 |  0.00000000 |  0.7199433 | -0.25959402 |  1.71275680 |  0.00000000 |  0.16503252 |\n",
       "| -0.06375076 | -0.31852412 | -0.09051333 |  0.00000000 |  0.00000000 |  0.2255607 | -0.04330004 |  0.00000000 |  0.80587060 |  0.02517474 |\n",
       "| -0.08015529 |  0.00000000 |  0.00000000 | -0.33984512 |  0.00000000 | -0.2201574 | -0.33401508 |  0.16503224 |  0.02517434 |  1.58209656 |\n",
       "\n"
      ],
      "text/plain": [
       "      [,1]        [,2]        [,3]        [,4]        [,5]        [,6]      \n",
       " [1,]  1.56613964 -0.13775873  0.00000000 -0.07157370  0.00000000  0.0000000\n",
       " [2,] -0.13775247  2.43828099  0.78058897  0.05165581  0.00000000  0.0000000\n",
       " [3,]  0.00000000  0.78059204  1.00767375 -0.40218915  0.08420825  0.0000000\n",
       " [4,] -0.07156959  0.05165946 -0.40218376  2.75441401  0.00000000  0.0000000\n",
       " [5,]  0.00000000  0.00000000  0.08420362  0.00000000  3.05106056  0.2392139\n",
       " [6,]  0.00000000  0.00000000  0.00000000  0.00000000  0.23921260  1.7829465\n",
       " [7,]  0.22164914  0.12839644  0.00000000 -0.07359884 -0.19987365  0.2039388\n",
       " [8,] -0.04407521  0.12277482 -0.30980495 -0.09550612  0.00000000  0.7199433\n",
       " [9,] -0.06375076 -0.31852412 -0.09051333  0.00000000  0.00000000  0.2255607\n",
       "[10,] -0.08015529  0.00000000  0.00000000 -0.33984512  0.00000000 -0.2201574\n",
       "      [,7]        [,8]        [,9]        [,10]      \n",
       " [1,]  0.22164804 -0.04407385 -0.06374970 -0.08015462\n",
       " [2,]  0.12839691  0.12278872 -0.31852440  0.00000000\n",
       " [3,]  0.00000000 -0.30980689 -0.09051454  0.00000000\n",
       " [4,] -0.07359313 -0.09550780  0.00000000 -0.33984556\n",
       " [5,] -0.19987311  0.00000000  0.00000000  0.00000000\n",
       " [6,]  0.20394242  0.71994355  0.22555987 -0.22015770\n",
       " [7,]  0.74883632 -0.25959247 -0.04329611 -0.33401443\n",
       " [8,] -0.25959402  1.71275680  0.00000000  0.16503252\n",
       " [9,] -0.04330004  0.00000000  0.80587060  0.02517474\n",
       "[10,] -0.33401508  0.16503224  0.02517434  1.58209656"
      ]
     },
     "metadata": {},
     "output_type": "display_data"
    }
   ],
   "source": [
    "glasso::glasso(S, rho=rho)$wi"
   ]
  },
  {
   "cell_type": "code",
   "execution_count": null,
   "id": "amber-temple",
   "metadata": {},
   "outputs": [],
   "source": []
  }
 ],
 "metadata": {
  "kernelspec": {
   "display_name": "R",
   "language": "R",
   "name": "ir"
  },
  "language_info": {
   "codemirror_mode": "r",
   "file_extension": ".r",
   "mimetype": "text/x-r-source",
   "name": "R",
   "pygments_lexer": "r",
   "version": "3.6.3"
  }
 },
 "nbformat": 4,
 "nbformat_minor": 5
}
